4533
3229
1837
1091
587
4587
3584
2394
319
216
3479
1076
3644
1616
4581
1066
689
4056
452
4783
2875
296
187
2659
622
1774
2926
1455
577
3162
749
2137
3037
4561
28
3560
4968
198
4651
4846
3118
2494
2277
1026
3855
1750
1446
505
3753
295
2990
2673
213
4027
947
3067
2447
2092
2144
394
4338
1786
2154
1495
3558
2510
4822
765
4400
2217
4540
1034
508
3399
2761
4316
888
4312
4808
4598
2289
455
929
2076
1520
1692
4500
1749
4446
3857
404
443
996
811
3124
888
3975
3065
1889
2668
2389
2393
3466
3932
535
63
3962
2942
3441
2830
3098
4217
4146
1158
3248
4577
2381
1933
4486
223
3583
1658
3122
3670
2114
3828
91
2502
2786
846
3354
2442
2753
4570
459
3808
2062
1883
4854
2949
2458
2034
4541
2542
3061
398
1358
496
2022
877
1176
4902
1676
2637
2049
2020
2800
2366
613
3404
3609
339
4869
4372
2630
4517
120
1570
4824
1959
2525
2539
828
4499
411
3090
429
2362
2835
71
4064
2328
4737
2020
4080
1339
1674
173
2238
2925
1242
3293
2033
2697
1112
2514
652
158
3132
2571
3180
3687
2195
4824
514
2580
874
3145
3372
2753
4440
4463
2230
4862
1245
3749
1554
2745
4658
859
368
3534
1906
3088
3361
4910
4731
1307
3858
3625
4933
3085
3855
1685
3774
3445
4482
4906
3223
435
2996
886
309
857
1618
1072
4890
1183
4486
724
1685
4113
380
473
184
2324
1089
4811
344
3054
1780
3392
1071
3329
2307
793
2284
3904
967
4917
1578
2081
1338
109
3190
3799
238
2868
3293
4320
1488
4406
1370
4146
2507
1898
915
4678
4283
584
4775
3043
1424
3922
879
1525
468
4135
88
4220
3156
4247
4033
1606
4117
2099
4538
4518
2061
2020
4174
2439
2343
2061
1138
3712
1846
587
2107
3111
2091
2882
1478
2938
2419
4351
4906
3665
883
2562
166
4147
300
3350
1574
2827
4539
545
1290
3046
413
2302
3478
421
3227
2243
4518
516
3407
3436
3198
1327
2940
4489
4155
1430
2980
4100
174
897
2178
4860
4217
911
937
3844
3540
4890
3142
2818
2042
2017
4646
4266
2577
1316
3508
225
2256
1074
729
1433
1518
4759
2541
778
3070
2766
3647
3595
882
2423
2948
159
1944
1422
317
1155
2458
3992
2362
1094
2619
2556
3975
383
608
1496
4177
2967
407
1003
382
3782
3526
1116
1010
3602
3885
1505
2763
1700
4928
1573
2863
4447
4581
4441
792
4907
391
26
4
1317
3155
568
1048
743
629
2365
4815
4566
982
311
4757
2208
412
1849
2974
3664
1157
1756
2258
624
669
1222
1396
4700
4024
541
3862
1635
799
158
777
4220
4529
167
162
1866
479
874
3798
1422
3148
1027
1994
1012
3740
4156
4013
72
3971
2878
853
476
310
3958
2011
2362
2465
2799
3084
347
2732
3002
4557
1307
3028
3996
681
3510
3003
1742
3423
677
3971
2300
1555
1833
4039
3389
4654
3048
3861
4051
338
1365
4467
3570
4440
1399
1888
2042
2422
4814
2704
2500
1538
4286
3989
1944
1885
3782
3325
3194
3944
1668
412
1015
1655
3003
3852
4371
4661
778
2645
1054
3220
4604
4398
2910
627
3839
3575
1013
2412
2107
4159
4638
1732
2449
2094
4674
3067
1480
4771
4946
4255
2280
3388
2434
1310
626
883
1738
746
1773
273
2692
1578
1334
3146
1968
1654
1321
601
4661
3360
3387
2545
1613
654
3309
2800
344
896
3352
187
3313
1995
4078
2803
1240
2088
1791
520
1701
3523
1279
1624
253
1946
2240
2228
43
471
3002
182
874
3356
4226
1037
1156
805
1378
3305
2433
1065
84
3696
2739
1612
1672
1465
4153
1421
1792
249
413
229
4746
3005
2019
4223
1793
4909
4107
1794
747
2064
2561
1707
3030
2058
573
116
1545
2470
1257
1048
4269
449
2908
1759
3998
1907
1637
3789
2137
1777
3875
3038
3626
3501
153
3521
3528
1769
891
1989
2504
1602
3402
2662
2313
1988
3450
365
2956
1348
2144
383
1063
818
2873
1984
1544
91
3789
3820
4076
4434
856
1369
3293
587
3277
2590
3348
4161
3668
3051
1725
3119
1966
4563
520
3243
4819
1751
1124
1532
2961
3685
2770
1758
4884
4380
382
2345
3290
1400
160
4544
4765
333
2038
3764
4003
4400
3609
4771
298
2646
3080
1938
3421
1093
3881
4548
4856
4291
2116
2467
4466
398
67
697
3437
4072
3051
4284
3161
1533
4037
740
1230
4170
3677
874
3551
349
611
1244
551
2012
1987
279
1713
2309
2155
3308
2897
2078
3380
4576
3512
316
2891
2039
4280
1190
4423
751
3327
1112
1198
2696
4797
1786
2368
1021
4234
1706
4499
2641
1313
4078
3124
3121
4721
3920
994
3782
1988
1663
337
3180
1181
1642
1197
93
583
2932
2683
1166
2866
4963
2944
2450
2967
3076
3291
369
1907
3131
3580
2286
4736
1245
3409
1218
3083
1983
4579
3712
4388
603
1318
234
4368
4444
2678
1479
4549
1217
818
1058
2548
1388
2547
3765
1308
4775
1943
3263
2364
585
4223
261
700
897
2008
54
2317
2846
1076
3311
2032
1717
3147
2746
4086
4457
1544
2996
1971
454
280
2112
3755
4940
3661
4310
438
3462
3041
203
3034
1354
2251
444
1719
687
2905
3423
767
3708
3461
2124
450
3323
1211
926
4395
4120
4174
1626
2854
3492
2462
4303
3323
2727
1013
4915
2282
2512
1904
1732
4098
1711
480
4953
1485
587
302
654
2986
227
2223
437
173
3130
4479
2223
2279
875
3490
2905
2144
1787
4033
4820
1664
2926
80
3570
2860
4370
4208
4040
1338
102
397
1041
245
809
1992
2146
974
16
1612
3878
30
2408
205
2854
1095
4100
3961
2262
3282
1805
189
256
2277
3333
813
594
2923
4941
1990
2966
2539
4172
3409
4482
4070
